set ZONES:= 1 2 3 4 5 6 7 8 9 10 11 12 13 14 15 16 17 18 19 20;
set ANTENNAS:= 1 9 11 17 18;

param max_trm:=400;
param min_trm:=100;
param max_dist=25;

param zonedemand := 1	50
					2	50
					3	50
					4	35
					5	35
					6	70
					7	70
					8	25
					9	20
					10	20
					11	15
					12	50
					13	50
					14	60
					15	60
					16	60
					17	50
					18	50
					19	70
					20	70;
					
param zone_dist :		1		2		3		4		5		6		7		8		9		10		11		12		13		14		15		16		17		18		19		20  :=
					1	2		25.76	11.64	7.81	26.65	21.7	30.58	23.06	21.15	8.1		30.14	8.68	20.33	20.94	30.35	18.15	28.25	5.44	21.87	34.14
					2	25.76	2		37.16	20.7	19.07	16.09	18.04	29.96	36.88	31.92	16.59	20.55	33.63	39.07	13.47	40.66	17.74	23.32	45.92	11.02
					3	11.64	37.16	2		17.21	34.44	32.67	41.61	30.42	18.87	6.41	41.31	17.74	20.23	16.69	41.81	10.12	36.57	14.3	11.25	45.78
					4	7.81	20.7	17.21	2		18.84	21.89	30.04	27.61	18.6	11.37	29.25	2.93	16.47	19.76	28.48	20.04	20.48	2.93	25.21	30.53
					5	26.65	19.07	34.44	18.84	2		31.65	36.42	42.68	24.58	28.02	35.08	17.98	20.78	27.87	32.35	32.84	2.73	21.44	38.95	29.52
					6	21.7	16.09	32.67	21.89	31.65	2		8.94	14.27	40.48	29.75	8.73	22.43	38.31	41.34	10.24	39.79	31.33	22.93	43.49	16.99
					7	30.58	18.04	41.61	30.04	36.42	8.94	2		19.41	48.62	38.59	1.49	30.46	46.17	49.75	5.26	48.59	35.49	31.42	52.41	12.94
					8	23.06	29.96	30.42	27.61	42.68	14.27	19.41	2		44.21	30.39	20.21	28.46	43.17	43.88	23.24	39.79	43		27.08	41.6	30.79
					9	21.15	36.88	18.87	18.6	24.58	40.48	48.62	44.21	2		14.76	47.78	18.15	3.8		3.64	46.73	11.11	27.29	17.76	16.73	47.65
					10	8.1		31.92	6.41	11.37	28.02	29.75	38.59	30.39	14.76	2		38.09	11.76	15.16	13.66	38.07	10.04	30.18	8.61	14.2	41.22
					11	30.14	16.59	41.31	29.25	35.08	8.73	1.49	20.21	47.78	38.09	2		29.63	45.25	49		3.81	48.06	34.11	30.73	52.01	11.58
					12	8.68	20.55	17.74	2.93	17.98	22.43	30.46	28.46	18.15	11.76	29.63	2		15.88	19.47	28.74	20.11	19.66	3.58	25.41	30.56
					13	20.33	33.63	20.23	16.47	20.78	38.31	46.17	43.17	3.8		15.16	45.25	15.88	2		7.26	43.99	13.92	23.49	16.18	19.87	44.5
					14	20.94	39.07	16.69	19.76	27.87	41.34	49.75	43.88	3.64	13.66	49		19.47	7.26	2		48.21	7.87	30.55	18.41	13.19	49.65
					15	30.35	13.47	41.81	28.48	32.35	10.24	5.26	23.24	46.73	38.07	3.81	28.74	43.99	48.21	2		47.89	31.19	30.27	52.19	7.86
					16	18.15	40.66	10.12	20.04	32.84	39.79	48.59	39.79	11.11	10.04	48.06	20.11	13.92	7.87	47.89	2		35.37	17.75	6.13	50.54
					17	28.25	17.74	36.57	20.48	2.73	31.33	35.49	43		27.29	30.18	34.11	19.66	23.49	30.55	31.19	35.37	2		23.2	41.46	27.8
					18	5.44	23.32	14.3	2.93	21.44	22.93	31.42	27.08	17.76	8.61	30.73	3.58	16.18	18.41	30.27	17.75	23.2	2		22.65	32.83
					19	21.87	45.92	11.25	25.21	38.95	43.49	52.41	41.6	16.73	14.2	52.01	25.41	19.87	13.19	52.19	6.13	41.46	22.65	2		55.42
					20	34.14	11.02	45.78	30.53	29.52	16.99	12.94	30.79	47.65	41.22	11.58	30.56	44.5	49.65	7.86	50.54	27.8	32.83	55.42	2    ;
					
					


